start=195.520000
audio-delay=0.100000
fullscreen=yes
video-aspect-override=1.333333
