start=267.040000
fullscreen=yes
video-aspect-override=1.333333
