start=11.720000
pause=yes
audio-delay=0.100000
fullscreen=yes
video-aspect-override=1.333333
