start=440.840000
fullscreen=yes
panscan=1.000000
vid=1
video-aspect-override=1.333333
