start=750.080000
volume=0.000000
