start=2403.526000
pause=yes
volume=130.000000
sid=1
