start=2832.160000
fullscreen=yes
sub-delay=-0.100000
