start=1275.482542
fullscreen=yes
panscan=0.100000
