start=386.945502
sub-delay=-0.100000
