start=1220.500000
volume=105.000000
sid=1
