start=221.847000
sid=1
sub-scale=0.800000
