start=2013.803000
pause=yes
volume=0.000000
aid=1
sid=1
