start=517.434000
pause=yes
panscan=0.000000
sid=1
