start=2.000000
volume=110.000000
