start=1289.371417
volume=130.000000
fullscreen=yes
