start=393.080000
volume=130.000000
fullscreen=yes
panscan=0.100000
