start=2730.196864
volume=65.000000
fullscreen=yes
