start=1285.993042
volume=130.000000
