start=394.694300
pause=yes
volume=130.000000
