start=3170.042000
volume=130.000000
fullscreen=yes
aid=2
sid=3
