start=2098.898899
volume=45.000000
fullscreen=yes
