start=2996.887728
volume=95.000000
fullscreen=yes
