start=1203.360000
volume=130.000000
fullscreen=yes
