start=3323.695000
volume=130.000000
sid=1
