start=110.873738
audio-delay=0.000000
fullscreen=yes
